         ma
0       NaN
1       NaN
2       NaN
3       NaN
4    3170.8
5    3163.0
6    3151.2
7    3142.8
8    3140.2
9    3136.4
10   3135.8
11   3139.2
12   3139.4
13   3139.8
14   3139.2
15   3138.6
16   3138.4
17   3139.4
18   3140.0
19   3140.8
20   3138.6
21   3135.4
22   3132.6
23   3127.2
24   3124.0
25   3125.8
26   3127.6
27   3130.2
28   3134.8
29   3138.2
30   3140.6
31   3142.4
32   3141.8
33   3140.2
34   3139.2
35   3137.0
36   3135.6
37   3133.6
38   3132.6
39   3129.0
40   3127.6
41   3126.4
42   3127.2
43   3129.0
44   3123.4
45   3115.4
46   3109.6
47   3104.6
48   3098.6
49   3101.4
50   3105.4
51   3108.4
52   3109.8
53   3111.2
54   3111.4
55   3110.8
56   3109.2
57   3108.4
58   3108.0
59   3108.0
60   3107.8
61   3107.6
62   3107.4
63   3107.6
64   3108.8
65   3109.6
66   3110.4
67   3111.2
68   3114.0
69   3118.2
70   3121.6
71   3131.2
72   3148.4
73   3170.6
74   3192.4
75   3217.8
76   3237.0
77   3242.6
78   3239.4
79   3235.4
80   3229.0
81   3223.0
82   3226.2
83   3230.4
84   3233.2
85   3236.4
86   3240.6
87   3240.6
88   3240.6
89   3240.8
90   3242.2
91   3242.2
92   3241.8
93   3241.0
94   3239.0
95   3236.6
96   3234.2
97   3233.2
98   3232.2
99   3234.8
100  3235.4
101  3236.2
102  3236.8
103  3239.2
104  3239.0
105  3239.6
106  3239.6
107  3240.0
108  3239.0
109  3239.0
110  3239.8
111  3240.6
112  3241.2
113  3242.2
114  3242.8
115  3241.2
116  3236.6
117  3232.4
118  3228.4
119  3225.6
120  3224.0
121  3225.4
122  3227.2
123  3228.0
124  3227.2
125  3226.8
126  3226.2
127  3225.8
128  3226.6
129  3229.2
130  3232.0
131  3234.6
132  3234.8
